54
133
-28
-36
382
285
-840
352
428
71
-612
-657
-434
-84
210
900
-153
860
88
-46
-845
-158
180
-726
-243
-551
-881
-597
-891
624
715
-802
-875
-697
-65
-221
149
-531
-186
725
-501
422
608
-513
312
-746
63
-637
-277
595
-366
-487
29
682
-459
-875
458
239
-965
-308
-121
-602
119
14
-47
200
-496
-118
-38
-544
-576
509
-689
168
-760
630
981
21
974
-906
-378
898
-716
726
-40
-975
-439
-990
-529
22
823
451
146
219
-951
510
-220
113
-429
-528
-579
-755
-948
-526
627
-950
-896
347
916
-626
32
-782
218
332
-933
-724
413
754
-866
473
-465
841
-257
132
923
-808
189
-892
-210
-457
70
304
-621
542
704
598
512
41
543
819
-685
-636
-87
517
409
-634
-982
155
700
776
-557
-685
-900
-915
801
307
-489
-284
149
982
742
-768
448
-969
-964
790
-703
-990
-467
-281
-919
104
-772
168
-626
699
-519
-774
-221
832
19
815
-989
-505
461
583
-460
-697
815
-108
333
-967
938
-83
833
-134
-670
-713
-274
719
-534
-540
-351
683
1000
494
-808
755
130
-368
741
820
792
593
-227
212
-252
586
507
883
-780
576
143
512
407
833
232
726
638
-20
743
-49
-467
199
-353
764
-659
43
-396
327
307
23
-774
647
-563
591
193
-848
478
-350
-987
971
-987
-925
-617
-808
905
-109
-666
-157
459
321
-206
313
-573
-135
144
-399
611
-7
-875
489
-40
480
599
-17
272
-679
-148
826
477
-990
-74
-757
401
428
-62
968
47
143
439
825
464
547
-712
-151
-770
-94
-306
462
386
248
-469
-925
-724
50
346
-530
986
997
280
-917
689
-609
-460
417
-647
-763
-766
-107
-306
981
402
-177
-814
110
560
-112
861
-68
670
-196
-977
62
921
897
-995
-646
-964
446
588
-176
909
346
-335
-218
758
-322
127
848
304
-880
957
-310
317
622
296
-297
616
-805
324
-625
-588
656
59
987
-516
-162
752
547
-879
557
832
-92
838
-523
409
564
-548
-296
-449
-557
419
21
15
934
-616
-627
-425
558
81
-484
-366
690
-63
786
631
-534
330
20
-532
-618
-915
139
-211
-105
-522
369
-66
-855
-380
30
-948
140
896
21
836
-325
936
650
437
-292
92
-559
-915
761
-352
-819
392
-767
644
-743
371
-546
511
-790
771
846
542
-714
-248
-268
572
-935
-270
-890
650
613
809
161
182
858
732
-376
-489
297
-60
992
10
399
236
-876
-312
-58
781
-246
-383
354
-407
577
195
14
-870
-821
975
306
788
691
-321
-639
687
165
37
-786
-464
-749
-598
990
-790
152
-335
-450
139
793
389
-451
-552
-553
-862
-223
-386
-551
-735
-507
309
151
295
400
658
-957
-635
902
814
-59
77
279
823
-777
355
406
537
-557
-924
903
50
-223
859
-675
-215
-216
-184
69
-657
-833
-940
573
357
-842
-640
617
-634
-819
-932
451
-514
-98
325
467
678
775
913
665
985
638
834
-500
-815
9
-248
840
664
-340
-298
-880
992
-925
347
527
902
-84
-61
687
-340
-155
433
370
757
-634
-931
-918
440
-396
-447
-87
-44
-219
-692
872
877
916
-281
-142
344
-272
-941
-645
917
-417
828
271
91
-456
31
-783
-76
967
-956
-391
145
-535
-870
600
-930
-156
515
366
698
-359
780
634
264
-717
76
-357
-449
-220
-459
-845
-316
937
-139
744
-99
474
569
523
196
-360
-901
-753
505
-203
-84
878
607
-266
248
-376
-634
-711
-535
657
310
-118
-697
-898
-251
-952
458
-18
-736
545
-924
-430
-548
-436
894
-547
583
967
679
29
597
336
-785
-840
-910
31
-637
-43
-670
-13
-863
606
460
238
894
671
-137
998
541
-67
-146
455
831
833
178
355
333
183
146
845
783
-777
818
734
494
889
608
184
-335
770
860
-48
150
-886
599
845
684
193
-276
568
650
-75
739
-728
-756
-45
-749
-251
-730
-319
211
216
-254
222
332
-331
480
-595
213
823
706
-795
799
-134
-515
861
908
514
634
-13
199
568
734
65
680
437
-994
-458
421
-766
-935
849
-142
246
986
505
-828
-151
928
-753
-965
199
684
-724
-479
65
-578
-369
-488
567
914
-797
-926
-105
-614
-248
24
791
-936
-69
-561
-318
569
-615
555
393
-775
-46
-921
439
-577
906
4
-903
-374
909
-921
-453
3
-403
-298
273
613
587
-136
847
332
-973
275
-394
895
504
-658
514
-256
262
-82
28
-798
-197
-506
897
-231
774
32
-612
385
-18
-370
460
465
-346
191
-340
-462
-390
-631
634
-340
-586
-598
-480
278
463
325
958
-177
-48
926
985
-118
-944
-617
-926
-386
910
84
-108
180
789
131
-456
354
-934
697
-27
-839
-301
-267
361
16
801
125
720
319
406
425
-752
794
-278
-162
-144
735
383
-280
-952
963
858
-377
-317
-510
700
727
978
801
613
596
652
68
-873
222
62
-173
-188
537
888
-896
-13
-488
-111
-576
-175
337
212
131
27
376
-458
100
239
919
307
-410
-899
-430
-129
-808
106
38
-950
-425
-620
-221
317
-660
-950
382
-121
-947
608
594
-783
-256
-649
-295
604
-819
418
-85
880
-288
46
-198
334
310
-478
391
-424
255
995
-231
-385
29
-910
-906
-955
812
247
-126
-617
430
671
283
-235
60
78
299
-637
596
348
571
-229
982
884
586
-371
-68
-677
-588
975
777
-719
-73
564
527
784
-707
-195
-84
29
-696
816
606
75
717
830
648
429
-886
-884
691
-76
953
880
-825
-579
-289
-116
412
-468
577
-746
763
772
-285
-341
788
-481
-314
-849
429
651
543
548
-828
929
229
724
-909
481
743
225
224
-689
533
233
473
190
-200
783
-633
-134
-338
-873
-388
-284
-943
-239
-186
-941
-927
-315
-551
676
-382
-184
-602
827
-484
-49
-102
-157
286
510
-145
897
14
-413
408
40
-592
638
678
557
-847
752
493
755
-940
752
703
-948
399
-19
-424
-525
-847
-375
-343
-104
-718
-539
-874
734
70
383
438
-642
-760
-719
385
-229
-339
366
-13
942
-535
281
-430
-32
594
-17
-593
-232
881
-780
-458
664
-477
393
995
108
-896
-328
-104
765
763
-587
-509
859
594
-102
-595
720
167
411
-371
-948
46
-110
417
967
14
-553
-91
-478
238
52
196
2
-778
-933
240
89
-60
-164
671
-503
618
-875
-557
748
-160
-157
131
203
-399
-379
-786
792
-202
-612
-6
164
105
749
-680
-640
106
914
-136
669
-132
-879
-51
481
482
124
-164
-926
-11
496
-793
904
-488
-607
-391
613
283
-462
-793
-88
103
-523
593
251
-686
-406
149
842
-669
248
-743
409
-581
670
999
-14
-320
408
403
-619
515
-935
-341
-622
426
378
-914
-57
-462
-633
-254
221
-557
389
-433
-95
-855
264
899
-753
755
633
-859
852
333
-327
-241
-133
803
120
-900
-134
-999
-393
414
-199
619
-411
-888
-347
-572
292
-174
-471
-950
299
6
895
-187
-442
-169
-283
29
-625
111
410
-415
-8
-817
-54
778
-61
-645
699
930
-22
-4
-307
153
-478
104
123
131
-939
452
984
-731
-785
26
-324
872
865
-727
-438
-54
384
-927
534
-317
228
-24
701
-657
-952
300
862
186
-972
-614
-347
-466
330
70
-779
-547
-227
-142
-789
393
464
-849
-136
-24
-167
-166
-751
-498
-718
-411
889
559
-500
970
962
558
-446
-683
-120
62
171
853
898
763
-146
-824
388
671
-51
-582
-700
731
-625
-306
-449
749
289
982
154
895
-90
-120
-293
786
571
796
-768
-208
954
-846
807
-954
-905
129
800
-470
536
-373
-619
306
-5
60
-626
-830
664
915
999
-66
-652
383
-74
-758
498
-712
445
968
-21
-459
509
771
21
261
-531
-209
-57
706
-488
-155
732
-217
829
-127
-217
449
710
-592
539
184
461
277
692
568
491
-394
627
-497
451
547
895
401
199
-783
-639
711
-441
50
48
-916
-710
-433
-345
-237
-225
-850
-718
291
-882
132
327
-10
625
128
-221
69
890
-625
-384
-929
-940
11
-841
-936
496
307
205
-834
-206
388
303
656
547
-671
186
-40
664
382
770
965
38
-666
567
774
762
-221
610
-752
-726
766
-918
-961
-953
742
534
880
488
409
286
252
-70
-145
130
-93
-65
-154
-670
603
475
809
-598
996
-208
-616
-606
78
766
253
945
802
901
96
301
-968
17
-456
952
871
425
-399
927
-282
10
-485
-389
114
-678
-881
391
-635
914
814
-232
681
905
179
-710
-16
417
-746
-955
-890
-331
-57
712
-73
-485
-455
607
28
254
53
928
-612
-486
-696
687
-279
-731
-574
-626
-614
-957
-516
110
478
-759
929
-150
-958
-980
349
-739
-760
520
-735
84
33
-535
-148
-625
-52
-231
-826
-369
-672
484
-595
-12
161
691
66
-332
-713
-891
-546
-295
147
31
-50
-960
210
-285
-227
-7
184
796
-966
-242
-950
-677
-775
-698
323
569
-216
-188
545
-768
-317
-248
-737
597
336
627
897
692
-701
-773
706
-71
739
-74
-739
-956
-335
-179
-943
609
-320
-708
627
265
-536
-885
-137
-380
-204
430
707
500
750
-966
800
-610
-170
-555
-71
217
165
-311
-602
-664
440
165
-47
-562
595
-418
349
-967
-952
-226
-983
237
633
483
-48
-651
582
416
307
-273
-591
-818
198
839
848
823
349
74
14
-105
-760
-973
-793
410
-517
829
378
-399
800
104
-17
-533
-44
-279
-814
178
627
120
-521
173
-270
683
-955
-844
-756
16
23
-142
-428
-804
-566
323
653
-256
291
277
-786
-144
19
364
445
605
-948
-687
693
138
-311
332
-229
612
650
511
987
-279
-708
-282
-326
-732
557
-400
-38
4
-401
334
-360
-461
-285
962
49
-316
-989
342
-611
768
-155
866
-914
329
253
238
-595
746
-710
-816
-683
518
-427
385
101
925
-262
751
875
26
551
681
341
-890
71
-226
-744
-346
-314
171
-162
939
321
-962
216
-856
-946
-564
-369
-411
675
632
809
147
-580
-274
72
409
644
-735
-640
-264
-157
-631
-550
-870
783
-854
-762
704
815
-450
878
-434
-536
-599
-47
737
586
61
946
-201
845
-455
-235
-455
-652
-611
753
-335
-673
-945
-197
-834
133
-315
88
15
-694
889
606
327
121
-126
-104
838
881
-464
-492
10
-175
273
-295
127
-294
-361
-881
207
-434
-733
-979
828
-537
883
-936
-218
377
315
431
-335
-224
-486
34
761
40
-486
-244
908
-268
126
-61
583
446
646
477
-184
-163
888
767
-79
828
-123
216
-256
135
-479
-438
-939
-304
-349
540
-911
953
577
691
895
-157
711
876
-603
113
367
-437
513
447
242
-340
617
451
-296
-442
159
805
-653
292
264
48
-688
-64
551
60
347
-20
858
-296
-82
63
524
102
424
-756
198
-533
742
-755
-409
-388
371
-244
922
588
-719
-871
402
-609
-982
889
808
-695
238
701
-427
-641
-995
351
236
379
947
-16
355
385
171
673
-516
-788
782
-843
4
543
203
-809
-997
533
-404
-919
-183
-774
827
-957
-275
-31
242
-783
666
-171
490
683
-174
-116
-279
336
-934
748
-678
-327
-369
-913
720
-86
-673
-66
-182
-759
112
144
205
488
375
-314
-498
175
884
-75
-667
994
-162
448
-498
145
720
686
-330
-113
280
-363
172
-159
-366
491
-271
435
-574
963
159
-403
22
577
445
-569
-628
-121
437
708
997
-909
620
446
874
120
-477
-275
-670
264
322
838
683
-608
-186
873
-351
232
362
87
279
677
936
-616
102
-837
732
-872
-355
743
-511
678
286
-922
879
-425
-396
190
-972
-540
516
-733
18
-258
959
-352
-744
219
-883
585
7
10
554
-748
-390
349
81
134
85
376
75
790
-219
61
595
-345
962
-42
-492
859
-154
230
-752
414
411
845
143
137
741
-205
584
-192
-802
-990
-829
373
-830
-901
-724
483
115
-906
647
-990
-783
158
907
-908
-224
-341
812
223
-768
-703
303
-370
-629
896
51
-992
738
-603
339
-226
-977
-834
802
-236
831
-525
375
-29
-959
-819
24
117
-762
394
-332
607
-513
-568
925
-67
449
68
732
-94
28
-757
87
-875
-432
805
-75
867
836
-435
83
187
-64
537
383
-907
750
-625
-403
902
225
529
260
-333
-783
308
-569
610
-277
285
334
-329
719
936
684
873
-998
26
867
44
-50
-102
-892
340
993
574
210
-141
-208
320
-568
-992
-182
-812
37
219
-429
-367
-248
-578
-172
-900
441
817
347
185
431
-660
-587
-520
387
300
967
497
-380
899
259
284
-527
-205
34
-84
699
-94
-1
-811
-282
145
860
-101
-200
-420
233
619
916
-973
477
-628
-674
340
479
-581
-871
947
410
724
-687
-361
223
-944
-674
-759
-429
-590
-224
-936
-774
-887
709
794
-798
-184
830
286
-163
-554
150
-171
-615
-769
-705
817
630
-59
-878
-90
509
-815
315
-667
75
843
436
-119
116
-779
813
975
-578
-697
337
-648
743
140
417
135
-962
-142
678
194
766
732
591
545
-760
218
340
251
-597
122
509
-690
-258
307
-400
-293
87
286
-546
176
166
209
-2
194
714
441
-667
-920
-342
-22
534
-906
-31
-256
-693
874
869
758
-961
-703
-907
-740
284
495
73
-781
-581
-401
-236
-739
833
-534
-536
13
630
-676
-131
72
-709
-309
-197
954
-655
643
-127
-704
397
294
900
826
216
-446
-562
657
36
-200
169
364
288
-339
-793
55
624
399
11
895
-747
-2
-118
262
245